[0.03474331 0.0398123  0.02779604]
[0.02651078 0.10410517 0.01585783]
[0. 0. 0.]
[0.01338295 0.05134949 0.01323261]
[ 0.02527951 -0.04856362  0.00848519]
[0. 0. 0.]
[-2.51018868e-06 -2.11374357e-05 -4.04668949e-06]
[0.04357342 0.12873311 0.02911075]
[ 0.00038508 -0.00056627  0.00027373]
[0. 0. 0.]
[-0.04984033 -0.00577829 -0.04609881]
[0. 0. 0.]
[0.02735517 0.10642469 0.02766589]
[4.06644009e-04 4.45353594e-05 1.59954755e-04]
[0.05939045 0.02696171 0.03245295]
[0.00173234 0.00385537 0.00176347]
[0.08237365 0.07287176 0.0728395 ]
[ 0.05191443 -0.09598032  0.00990363]
[0.08472963 0.18189668 0.05347191]
[0.08303598 0.18244687 0.06233418]
[0.00915479 0.01825898 0.00637148]
[-0.00663052  0.02608338 -0.00470332]
[0.02053903 0.04861458 0.00916937]
[-0.00076633 -0.00550378 -0.00113581]
[0.14264147 0.1220748  0.07562353]
[0.0599047  0.03478145 0.02540876]
[-0.00714605 -0.02066887 -0.00600421]
[ 0.00799398 -0.07333713 -0.00573912]
[-0.01551869 -0.06101776 -0.01477375]
[-0.01516451 -0.06594405 -0.01591085]
[-0.00662142 -0.01313246 -0.00621995]
[0.00181875 0.00108098 0.00074128]
[-0.00242263 -0.00871205 -0.0016875 ]
[0.00809524 0.00688997 0.00584886]
[-0.02083935  0.03944715 -0.00458315]
[-5.31792853e-05 -9.48847003e-04 -1.24733619e-03]
[ 0.06044739 -0.00185292  0.02693678]
[ 0.02262917 -0.04439711  0.00298173]
[0.09988622 0.27512465 0.07118172]
[0.06129287 0.04438941 0.03676665]
[0.1898947  0.26507232 0.11580572]
[0.19070742 0.25157622 0.10889802]
[0.0566226  0.07166223 0.02839131]
[0.05708683 0.08973827 0.02158506]
[0.30633562 0.41453696 0.2055197 ]
[ 0.00071825 -0.00017037 -0.00318525]
[ 0.00179773  0.00249371 -0.00103282]
[-0.10135041  0.21181694 -0.03188531]
[0.05004968 0.10045322 0.02141969]
[0.00204818 0.00092468 0.00010766]
[0.00124536 0.00021374 0.00020661]
[0.00277825 0.00318011 0.00181398]
[ 0.00129199  0.0016336  -0.00022686]
[-0.00173908 -0.00578475 -0.0017402 ]
[0.00060326 0.00333628 0.00022607]
[-0.08191412  0.15503513 -0.02593293]
[0.01299735 0.18035142 0.01926499]
[ 0.00451511 -0.00260983  0.00118501]
[-0.01681337  0.04235428 -0.00347633]
[-0.01579809  0.02391726 -0.00143748]
[-0.00453838 -0.01258352 -0.00291673]
[-0.01464317  0.03258271 -0.00643605]
[-0.00945459  0.00308046 -0.00599817]
[ 7.90492345e-04  7.04748523e-04 -1.94825640e-05]
[-0.01272218  0.05669039 -0.00084142]
[7.27648804e-04 1.14344286e-05 2.29604256e-04]
[-0.01036937  0.0018688  -0.00581086]
[-0.01007499 -0.0167465  -0.00577678]
[-0.02818474  0.00908118 -0.00951523]
[-0.01154293 -0.01072375 -0.00532832]
[0.00041017 0.00026005 0.00037258]
[ 0.00138424 -0.00138791  0.00045856]
[2.30760796e-04 3.51965811e-05 8.91286358e-05]
[-0.01958689  0.05489384 -0.00364997]
[-0.02080203  0.00826287 -0.00734821]
[-0.00884059 -0.00755561 -0.0050058 ]
[ 0.00239919 -0.09107398 -0.01332248]
[-0.03875883  0.03201738 -0.01144612]
[-0.07020104  0.09046372 -0.02335556]
[ 0.00058107 -0.00779333 -0.00414755]
[-0.00103871  0.08512831  0.00651385]
[-0.01368978 -0.00612519 -0.00754296]
[-0.01227297  0.02257486 -0.00437539]
[-1.01300304e-05  2.09121910e-04 -2.19466214e-05]
[-0.01699311  0.05270585 -0.00157478]
[-0.00623059  0.01361797 -0.00223206]
[-0.02472668  0.03392466 -0.00823044]
[-0.02824091  0.0655979  -0.00307876]
[0.00083566 0.00035573 0.0002959 ]
[ 4.68881708e-05 -1.03507008e-05  1.38271967e-05]
[7.02792862e-04 8.78154862e-05 1.78447870e-04]
[ 0.02021198 -0.0786706  -0.00051076]
[ 0.00055923 -0.00346857  0.0015851 ]
[0. 0. 0.]
[-0.00827723  0.01002435 -0.00449623]
[ 0.00599139 -0.01717097 -0.00225671]
[-0.00443452 -0.00855514 -0.00316609]
[-0.02049205  0.02322946 -0.00499834]
[-1.72767803e-04 -3.20227571e-04 -8.90111890e-05]
[ 0.00137442 -0.00206805  0.00092989]
