1560303043863.5012 -0.06393020029454413 0.18424301254884792
1560303043964.282 -0.27480433493194345 0.10246537280949594
1560303044065.468 -0.2634089989038525 0.11407592650951773
1560303044165.8733 -0.2755252560953158 0.07190219868633117
1560303044267.0361 -0.2440745293687566 -0.025434422087230263
1560303044368.088 -0.27974164288544934 0.04630096766520065
1560303044469.0137 -0.28316115295320865 0.005606306391855819
1560303044569.626 -0.3120349510967145 -0.058518146131749715
1560303044670.0776 -0.27636932272663695 -0.18019370569972132
1560303044770.6904 -0.2924528895346465 -0.15526753539454938
1560303044871.5112 -0.3294711535005495 -0.11881882448326628
1560303044972.7983 -0.2995350232145378 -0.15296151924385923
1560303045040.4397 -0.29895508628899187 -0.14961340458873268
1560303045140.3784 -0.21829843240602226 -0.4152682518364671
1560303045242.441 -0.2479848393712175 -0.35243446764357284
1560303045342.401 -0.22209652865986584 -0.32884341084213575
1560303045443.5928 -0.22952132892489885 -0.3380541174183582
1560303045543.583 -0.24053803524455347 -0.3047080120831936
1560303045644.277 -0.2348363718881896 -0.31207201761377534
1560303045744.8481 -0.22573392981478968 -0.31309283216353595
1560303045846.03 -0.17022107886537852 -0.32547103974626374
1560303045946.588 -0.1956809427483482 -0.32349075921666887
1560303046047.6536 -0.1999432950146771 -0.27555202966034337
1560303046149.2212 -0.19739702600471476 -0.2725129515628099
1560303046248.9253 -0.14077393232429314 -0.31660358028866636
1560303046349.6873 -0.11763004015398731 -0.32890400337255793
1560303046451.0437 -0.1300717504783071 -0.32698336095840186
1560303046551.8916 -0.1450548750866204 -0.3268705885253375
1560303046651.9453 -0.14521345199871136 -0.3429555188025041
1560303046752.844 -0.18855697222302015 -0.3345541616892205
1560303046853.875 -0.18860808239702395 -0.3605259618929845
1560303046954.521 -0.19388158458825566 -0.3695878418522165
1560303047055.8013 -0.16164159963127622 -0.3690821141528983
1560303047156.0012 -0.18254930784389134 -0.41869475644681764
1560303047257.6108 -0.19144077440771073 -0.4213210227182833
1560303047358.543 -0.27136682218496744 -0.38902003593988627
1560303047458.7673 -0.2688786623869836 -0.3644961686681268
1560303047559.7268 -0.2673175063213127 -0.3712892968636249
1560303047660.5208 -0.2739474937101644 -0.36712082721969425
1560303047760.4717 -0.3314839222836513 -0.3721514694847693
1560303047861.8977 -0.24781561377239691 -0.4017041393755597
1560303047963.2803 -0.25449904742748075 -0.4053778201338134
1560303048063.7708 -0.24908930952343888 -0.4050305313283899
1560303048163.6807 -0.15794825730098316 -0.3895583126145306
1560303048266.3228 -0.18569190145015804 -0.37679366901762945
1560303048366.171 -0.1940176388411297 -0.3497023400953779
1560303048466.2034 -0.2449465842028239 -0.3544253488118778
1560303048567.246 -0.23327309727629714 -0.3461151343292536
1560303048667.9648 -0.219378573128339 -0.36762768673988594
1560303048768.8872 -0.23809161470390872 -0.35121469723088294
1560303048870.1072 -0.2878260308811938 -0.3930235468040344
1560303048970.368 -0.23175545415757104 -0.35146401926812415
1560303049071.246 -0.28042164983034257 -0.3235762035426313
1560303049172.5063 -0.2635993032562001 -0.30100143972138965
1560303049239.27 -0.2734094226723351 -0.2883061304610103
1560303049307.2815 -0.24532098864052765 -0.3471712173989713
1560303049407.1465 -0.22443333507189112 -0.3171154208014491
1560303049508.516 -0.2857045566709153 -0.3041228531120495
1560303049608.4685 -0.28938544064110355 -0.3044304807033543
1560303049709.6777 -0.28407570333322685 -0.35779907463964744
1560303049810.1953 -0.5816873731941476 -0.24676640023684016
1560303049911.1565 -0.6966361904170479 -0.25045133738199843
1560303050011.5417 -0.6715722732221862 -0.3706951134807398
1560303050112.545 -0.5716843012191509 -0.34633270905930214
1560303050213.3503 -0.517976833648571 -0.38023708982087484
1560303050314.452 -0.5138611403596656 -0.3300926781565496
1560303050414.923 -0.36567299614299587 -0.48899519850792017
1560303050515.7837 -0.515761780601329 -0.5369778342789715
1560303050617.1284 -0.5095519207322393 -0.5437731778014352
1560303050718.1711 -0.4715248219266251 -0.5001882903446998
1560303050817.8052 -0.5194543268497303 -0.4963817465280274
1560303050918.7407 -0.47794119376303124 -0.54526786757136
1560303051019.7217 -0.43543707993258773 -0.5515556974251095
1560303051120.6943 -0.4202144552875108 -0.5210177468880274
1560303051221.5632 -0.3886555516468971 -0.5568548325373125
1560303051323.032 -0.3756178902396601 -0.5496622235386224
1560303051423.101 -0.24632490454321915 -0.5683831349598301
1560303051523.5059 -0.27881872714272443 -0.5051034482732419
1560303051624.7188 -0.3553974294615847 -0.5636386766935806
1560303051724.9792 -0.23893416949571072 -0.6850614334063175
1560303051826.1912 -0.17891539810894574 -0.6977919210276414
1560303051927.3652 -0.22482039792238565 -0.6850310226746164
1560303052027.7363 -0.16136904018803425 -0.6895450452887736
1560303052128.231 -0.3064672401940042 -0.7578555976362287
1560303052229.0383 -0.1767492020603315 -0.7824117670033336
1560303052330.7417 -0.18115651301935964 -0.7950315514814775
1560303052430.893 -0.347797545395064 -0.829282946417867
1560303052531.554 -0.3602539573908065 -0.8557505929938788
1560303052632.3103 -0.2903015475233057 -0.8843488429487464
1560303052733.859 -0.2768803877140105 -0.8715531809103905
1560303052833.7551 -0.4014268471921651 -0.7716638888256607
1560303052934.755 -0.41659073174123307 -0.8009441502176143
1560303053035.8333 -0.4984170503224697 -0.8431248006123797
1560303053136.2864 -0.3389428119090173 -0.8584578079535169
1560303053237.017 -0.28522454412765796 -0.8612857876297482
1560303053339.3667 -0.2489700858737087 -0.8263528824725357
1560303053438.7124 -0.16730593327178356 -0.8464562767559434
1560303053539.2043 -0.3284320553694589 -0.8910727031976058
1560303053640.431 -0.5133613425778261 -0.8406878573449927
1560303053707.9375 -0.375058991083955 -0.5833669525472238
1560303053808.1438 -0.3468947389450224 -0.6976809807889636
1560303053909.1597 -0.3644011243319783 -0.6751073277420856
1560303054010.538 -0.3325037330874806 -0.8851364013981616
1560303054110.829 -0.22315147431891796 -0.9083423342369262
1560303054212.3108 -0.2599632888961201 -0.9276264566992872
1560303054313.8489 -0.2967263287853414 -0.9488459524048045
1560303054412.8628 -0.2987095197267183 -1.0213760716032445
1560303054513.848 -0.21630842573451586 -1.0252817054534284
1560303054614.6697 -0.30758081980020346 -1.0448297079950806
1560303054715.692 -0.22886936795343682 -0.9057343693295561
1560303054816.8545 -0.1493621034895326 -1.020241417236947
1560303054916.9077 -0.21483975944448258 -1.107953643659669
1560303055017.9663 -0.33579488501773114 -1.1007906271753554
1560303055119.1282 -0.34750777263279853 -0.8830342438202713
1560303055220.2405 -0.40040209197896826 -0.7861298452234176
1560303055320.265 -0.28047394413850835 -0.7968439412640144
1560303055421.691 -0.18376309525590767 -0.8161845548247642
1560303055523.1492 -0.16304499212503906 -0.7495259042624479
1560303055622.6294 -0.0983128165135076 -0.7175666296607631
1560303055723.3208 -0.24893103057492735 -0.49774584310477443
1560303055824.4834 -0.2140610485028373 -0.5482271685940026
1560303055925.7102 -0.27507411078932203 -0.5241331667813648
1560303056025.3203 -0.4326716864177015 -0.6284120609698951
1560303056127.1353 -0.30246538735244055 -0.6058771117274279
1560303056227.1675 -0.18478692055941853 -0.5244604067450619
1560303056327.9731 -0.31007091930596853 -0.5840940047494151
1560303056428.9292 -0.2537529039940252 -0.5180252410868882
1560303056529.574 -0.40838944223494433 -0.5697805731704226
1560303056630.381 -0.38682090697955857 -0.5245558309529326
1560303056731.6755 -0.5569465601709243 -0.005894857133460203
1560303056832.4888 -0.4440238767851187 -0.047539853953439924
1560303056932.9397 -0.5701685711934487 -0.0014285255975391292
1560303057034.134 -0.5355648463568942 -0.05643251042148435
1560303057134.3477 -0.5858659922899703 0.07239233255413971
1560303057235.1917 -0.45527780702537335 0.10335850272282937
1560303057336.481 -0.4683302323398041 0.10162488031853582
1560303057436.4944 -0.5167207071528502 0.017618354733993456
1560303057537.7695 -0.5411330672973363 -0.32154254648347236
1560303057640.0625 -0.6152897369586423 -0.2248258559814558
1560303057739.1775 -0.5507686434875351 -0.24196935819879695
1560303057840.108 -0.5930749587715313 -0.2706317400686906
1560303057941.191 -0.4453043241925023 -0.21420929479220463
1560303058007.9236 -0.45921790074226976 -0.2478579676545497
1560303058075.1594 -0.4023572842177767 -0.20725155386011468
1560303058176.0996 -0.40018526605441 -0.22221418771882995
1560303058276.6226 -0.15360390775555888 -0.029839191925195997
1560303058377.3865 -0.20002436913457652 -0.09542555403756772
1560303058478.2815 -0.22908761895496557 -0.0631698138279289
1560303058578.9385 -0.27173492220405665 -0.18196384286368855
1560303058680.264 -0.2319322380165898 -0.11903478671623001
1560303058780.6729 -0.22052341003857567 -0.15539503183063083
1560303058881.544 -0.3753193650034411 -0.16641581275618547
1560303058982.1091 -0.4263402818108455 -0.18991760316942993
1560303059083.0415 -0.47719633649123894 -0.18328459063151026
1560303059184.0225 -0.47877568529445164 -0.30217142825306814
1560303059284.71 -0.5354556361559379 -0.3338568978910237
1560303059385.3252 -0.6020999712722539 -0.27951553435014886
1560303059486.3447 -0.6853524108651152 -0.6446705879755776
1560303059587.0073 -0.7243580492018872 -0.5422780361714509
1560303059687.65 -0.7024863798244719 -0.5299117914621383
1560303059788.3137 -0.6689690922831886 -0.5692359420426162
1560303059890.0483 -0.6797286381075146 -0.4422793663804283
1560303059990.1375 -0.6195386479818775 -0.5067512926637101
1560303060091.066 -0.4397128509047633 -0.6655524382444407
1560303060192.1912 -0.41178165375699566 -0.5656452476605294
1560303060292.8428 -0.35112829960341485 -0.656657533831604
1560303060392.9175 -0.23738153274404272 -0.5916865439079935
1560303060493.9458 -0.4764279467435779 -0.4756889944496098
1560303060594.866 -0.5263255750808083 -0.43566751881859384
1560303060696.151 -0.49741374331041843 -0.35304254981301936
1560303060796.6848 -0.48693161734118867 -0.4993808087501313
1560303060897.3484 -0.4878193793185527 -0.5550039572876934
1560303060998.7407 -0.5210834155030057 -0.5032293896966362
1560303061098.5825 -0.519985450605825 -0.5047427543517542
1560303061199.6997 -0.5332605691594554 -0.5706071363167212
1560303061300.4807 -0.49103490090140156 -0.5508988999407619
1560303061401.0935 -0.49492654238045275 -0.5669331709994089
1560303061501.9563 -0.46543395841164015 -0.563703727317159
1560303061602.8567 -0.5004954607412389 -0.6051091289246524
1560303061703.3005 -0.33103809627528025 -0.6984988831233212
1560303061804.9058 -0.27840270213147644 -0.7231547961951841
1560303061904.824 -0.08233031719212161 -0.8009009823452236
1560303062006.2527 -0.08224937047225032 -0.7452346914740449
1560303062106.8794 -0.02949193620949705 -0.8451144973028875
1560303062207.6084 -0.09728613976495543 -0.6122544289623313
1560303062308.9207 -0.12129370362704359 -0.6613886161071388
1560303062375.1985 -0.11011626251819329 -0.6327312812704665
1560303062442.8022 -0.09435894366618043 -0.7315533004402509
1560303062543.7964 0.14555771728299477 -0.9409760071496382
1560303062644.601 0.08392300784255709 -0.785215738434469
1560303062745.2095 0.15168022534280776 -0.6821223613463863
1560303062845.889 0.09797422988801352 -0.6582401821600229
1560303062946.581 0.21215490201702578 -0.8745727692521217
1560303063047.7424 0.25675888356443755 -0.8697485491834241
1560303063147.9531 0.36429912728769387 -0.9032559782760123
1560303063249.3604 0.385632014921344 -0.8144493565720728
1560303063350.1797 0.43702378466823777 -0.9996139453815859
1560303063450.688 0.401640697595832 -1.2094631123973278
1560303063551.514 0.4965537853962836 -1.040187706363644
1560303063652.5132 0.5475645621600063 -1.2165966616141282
1560303063753.8308 0.5423843364894603 -1.192336910840103
1560303063854.5613 0.7242547182000664 -1.1910998164977311
1560303063955.264 0.5838550205462956 -1.3358460485432286
1560303064055.295 0.5485829672726236 -1.3369019454234
1560303064156.6338 0.5830828827880574 -1.2750408365651562
1560303064256.9226 0.5352347661252248 -1.3804935927542883
1560303064358.6147 0.4661939198730243 -1.040496284297737
1560303064458.284 0.3871863710039103 -1.021038671627066
1560303064559.852 0.16941331622290867 -0.5725529140324419
1560303064660.4888 0.17500342749827344 -0.8309615785117477
1560303064761.0012 0.23967674255481097 -1.1176379095306235
1560303064861.5955 0.34884345484495877 -1.2878589495248036
1560303064962.308 0.303372478798221 -1.2735939796809435
1560303065063.8652 0.3059784301871633 -1.281700854513746
1560303065163.9753 0.4549699770022115 -1.449536061738854
1560303065264.8728 0.42568374569616185 -1.5504892642760693
1560303065365.43 0.3250787878525613 -1.4462700993342226
1560303065467.13 0.9645562947373107 -1.808650737576654
1560303065567.383 0.8797759637612576 -1.7188358563036135
1560303065668.651 1.1034882324113258 -1.7116277973560017
1560303065769.4487 1.325852978538941 -1.7037303283500858
1560303065869.2708 1.3341573044649067 -1.6534892366268705
1560303065970.708 1.7152982216533306 -1.757607744504338
1560303066071.1665 1.7592369810250408 -1.6849114897546893
1560303066172.3652 1.8059952607149918 -1.676299656771984
1560303066273.2173 1.7497767330894036 -1.6907574230934153
1560303066373.6355 1.767562885323499 -1.5891529998338818
1560303066474.4143 1.6446310316484385 -1.6226462748469912
1560303066575.2678 1.832091689946023 -1.4390031983708331
1560303066675.882 1.7971635227683753 -1.4394438417121167
1560303066743.0813 1.7468032057313942 -1.4775385018557268
1560303066810.453 1.7302451207127265 -1.4499436432531152
1560303066911.7424 1.6336620334854826 -1.475289288582535
1560303067012.1028 1.2469956715799797 -1.563708995814024
1560303067112.6082 1.2780841326144758 -1.4055836161148902
1560303067213.2236 1.3494461873951968 -1.3963243495804867
1560303067314.5725 1.411436151417199 -1.4368148500940214
1560303067415.1748 1.5417729143624361 -1.514629614908909
1560303067516.2617 1.5114735037167109 -1.4609067270441005
1560303067617.0635 1.4295638476103762 -1.4523144423143224
1560303067717.5437 1.3514017989536127 -1.485175387527772
1560303067818.4436 1.5243325658054365 -1.563747933959261
1560303067919.721 1.6289560966447973 -1.4201608821473088
1560303068020.549 1.5714591243491227 -1.336445763214105
1560303068121.18 1.5335215028665978 -1.3344671546049256
1560303068221.7983 1.868957264557337 -1.3365806512191174
1560303068322.302 1.9055959237283209 -1.3207848227958965
1560303068423.2012 1.725111253640064 -1.348800090445532
1560303068523.9417 1.6318871036095348 -1.3690617015851523
1560303068624.712 1.5416103510285122 -1.410532848979972
1560303068725.217 1.688776039472908 -1.3343183245285826
1560303068826.8652 1.7071692268781018 -1.3096162572259997
1560303068926.8691 1.7346859732247468 -1.3193911786627404
1560303069027.7898 1.7998151672659155 -1.2555197369841011
1560303069128.9124 1.8647666863647483 -1.1010551369956656
1560303069229.2244 1.8707331851466253 -1.1527548327289476
1560303069330.0503 1.8190404215417928 -1.1863965655115445
1560303069431.307 1.8928704718682248 -0.9787011776758047
1560303069531.799 1.8806181671361215 -1.0292198047257581
1560303069632.6492 1.7761322212726594 -0.9552747660851825
1560303069733.7776 1.8078020270938355 -1.1033468407114913
1560303069834.117 1.832340536584733 -1.094999925371445
1560303069934.4473 1.8411910180866013 -1.0556429172562112
1560303070036.381 1.7630704470684258 -1.0998812060538903
1560303070136.5557 1.5951115920412573 -1.1948996861544319
1560303070237.3513 1.5969182321258564 -1.169812124813206
1560303070338.5603 1.575543978573389 -1.1885133997659811
1560303070438.9167 1.605326839718708 -1.159246934994385
1560303070539.7856 1.528627341517056 -1.1329342403918379
1560303070640.9988 1.5843477997843352 -1.125555400887688
1560303070741.2812 1.4263065292251422 -1.0782306883503305
1560303070841.9053 1.4447348566136147 -1.003046423471501
1560303070943.204 1.5054127791314902 -1.0938358160570707
1560303071043.6292 1.5387038703784335 -0.9902538808923578
1560303071110.9265 1.3998726296581459 -0.9424244408286353